Average Hour, Freshman, Sophomore, Junior, Senior, Coterm, Master, PhD, SCPD
CS 7: 2.5, 14, 21, 19, 22, 4, 9, 5,0
CS 80E: None
CS 83N: 2.5,5,0,5,30,10,10,10,30
CS 91SI: 10,21,34,24,18,0,0,0,3
CS 100ACE: 2.5,70,17,8,4,1,0,0,0
CS 100BACE: 2.5,46,35,13,4,3,0,0,0
CS 103: 17.5,32,34,14,5,3,4,1,8
CS 103ACE: 2.5,24,46,21,6,4,0,0,0
CS 104: None
CS 105: 7.5,9,9,9,9,2,0,0,63
CS 106A: 12.5,51,21,6,3,0,8,6,9
CS 106AX: 17.5,59,1,2,2,1,20,8,0
CS 106B: 17.5,48,18,6,3,1,9,5,9
CS 106E: 7.5,1,3,4,5,1,10,2,1
CS 106L: 2.5,44,14,6,4,2,19,8,1
CS 106M: 2.5,89,3,0,1,0,3,3,0
CS 106S: 2.5,44,25,11,8,1,5,3,1
CS 107: 22.5,33,32,11,5,1,8,3,7
CS 107ACE: 2.5,27,45,18,6,2,0,0,0
CS 107E: 27.5,38,40,11,4,1,6,0,0
CS 108: 17.5,0,13,23,18,3,27,2,9
CS 109: 17.5,22,38,18,7,1,4,3,4
CS 109ACE: 2.5,6,50,28,10,1,0,0,0
CS 111: 12.5,10,38,17,12,8,10,1,0
CS 111ACE: 2.5,2,57,25,7,2,0,0,0
CS 112: None
CS 11SI: 2.5,35,22,14,2,25,0,0,0
CS 123: None
CS 124: 12.5,4,21,33,23,4,6,2,0
CS 129: 12.5,5,6,14,9,8,23,24,1
CS 12SI: 2.5,32,5,26,5,5,0,5,0
CS 131: 12.5,1,13,25,33,4,11,3,1
CS 137A: None
CS 139: None
CS 140E: 17.5,0,16,24,9,15,24,9,0
CS 142: 17.5,6,17,21,13,11,19,2,5
CS 143: 22.5,1,17,29,8,14,10,6,13
CS 144: 17.5,0,4,19,15,24,24,2,8
CS 145: 12.5,0,5,17,20,16,25,4,6
CS 147: 22.5,1,12,31,22,13,13,2,0
CS 147L: None
CS 148: 7.5,1,11,22,24,10,13,4,8
CS 149: 17.5, 0,3,14,16,18,29,7,7
CS 151: 7.5,7,17,33,12,18,10,2,1
CS 152: 7.5,2,14,16,17,22,21,1,2
CS 153: None
CS 154: 12.5,4,18,18,17,12,20,3,3
CS 155: 12.5,2,9,27,13,19,17,4,8
CS 157: 7.5,1,8,21,26,17,10,5,5
CS 161: 17.5, 5,27,24,12,5,11,5,7
CS 161ACE: 2.5,0,31,37,21,1,3,0,0
CS 166: 12.5,4,28,24,6,18,15,3,1
CS 168: 12.5,1,7,11,7,33,35,6,0
CS 170: None
CS 173A: 12.5,2,18,5,14,20,25,16,0
CS 177: 12.5,0,9,11,24,17,21,0,0
CS 185: None
CS 190: 22.5,0,0,0,26,41,31,0,0
CS 191W: None
CS 193P: 17.5,23,9,8,17,13,17,4,0
CS 193Q: 2.5,16,13,5,10,13,15,22,3
CS 193X: 12.5,18,23,20,9,9,14,3,0
CS 194: 12.5,0,1,3,75,6,1,0,1
CS 194H: 12.5,0,19,23,31,19,4,0,0
CS 194W: 12.5,0,1,13,69,4,0,0,0
CS 197: 12.5,16,38,25,13,3,3,0,0
CS 197C: None
CS 198: 12.5,19,49,25,7,2,1,0,0
CS 198B: 2.5,0,48,38,4,0,0,0,0
CS 205L: 12.5,1,8,15,8,13,13,28,11
CS 206: 7.5,3,7,17,17,24,21,6,0
CS 210A: 12.5,0,1,11,55,10,14,2,0
CS 210B: 12.5,0,1,15,57,11,6,3,0
CS 212: 27.5,3,8,38,3,8,13,5,25
CS 21SI: 2.5,42,36,9,0,3,3,6,0
CS 221: 17.5,2,16,19,7,6,19,6,23
CS 223A: 12.5,1,3,6,7,19,38,12,13
CS 224N: 17.5,2,7,11,7,13,35,7,17
CS 224R: None
CS 224U: 12.5,0,2,8,10,31,27,6,13(CS224U)
CS 224V: 12.5,0,0,11,9,43,26,6,0
CS 224W: 12.5,0,2,3,6,19,40,15,11
CS 225A: 12.5,0,1,1,3,21,56,13,0
CS 227A: None
CS 227B: 7.5,3,9,33,3,28,19,2,0
CS 228: 12.5,0,3,6,5,14,32,21,20
CS 229: 22.5,2,9,8,4,8,28,17,22
CS 229B: None
CS 229M: 12.5,0,3,3,4,13,22,49,5
CS 229S: None
CS 22A: 2.5,36,17,8,13,4,12,2,0
CS 230: 12.5,1,5,6,5,8,26,19,27
CS 231N: 17.5,3,8,10,3,11,32,13,18
CS 233: 12.5,1,6,3,5,9,18,57,0
CS 235: 12.5,2,3,16,7,20,25,14,8
CS 236: 12.5,0,3,5,7,12,31,19,21
CS 237A: 12.5,0,2,6,9,10,48,7,16
CS 237B: 12.5,0,1,5,1,7,59,8,16
CS 238: 12.5,0,1,7,11,16,46,9,7
CS 239: 12.5,0,3,3,0,18,33,44,0
CS 240: 12.5,0,2,1,4,33,25,3,31
CS 240LX: 7.5,0,18,21,7,18,18,18,0
CS 241: 7.5,0,4,14,8,31,33,4,0
CS 242: 12.5,0,2,5,7,27,28,23,4
CS 243: 12.5,1,0,3,3,24,36,16,16
CS 246: 12.5,1,3,6,3,18,47,11,9
CS 247A: 17.5,0,9,7,17,35,22,2,2
CS 247B: 12.5,0,0,20,18,40,19,1,0
CS 247G: 12.5,1,4,28,18,20,18,2,0
CS 247S: 17.5,0,2,10,22,34,26,2,0
CS 248A: 12.5,0,7,11,7,14,36,9,14
CS 248B: 12.5,0,11,16,14,8,28,14,6
CS 249I: 7.5,0,0,10,7,38,28,17,0
$$$('CS 24: 7.5,33,32,16,10,0,0,0,5
CS 251: 12.5,0,6,12,15,16,30,6,9
CS 254: 7.5,5,9,17,8,21,21,12,4
CS 254B: 7.5,2,8,23,13,25,21,8,0
CS 255: 12.5,1,6,18,12,17,27,6,10
CS 256: None
CS 257: 12.5,0,0,3,17,21,24,34,0
CS 259Q: 12.5,3,3,7,10,16,21,36,0
$$$('CS 25: 12.5,0,0,20,5,15,25,35,0
CS 261: 12.5,1,4,7,7,39,34,7,1
CS 263: 10,0,4,0,13,30,22,30,0
CS 265: 12.5,0,4,10,8,18,30,27,2
CS 270: 7.5,1,1,3,9,19,45,6,12
CS 272: 12.5,0,0,0,4,36,31,29,0
CS 273B: 7.5,2,2,4,14,26,22,24,0
CS 273C: 7.5,0,9,9,14,33,23,9,0
CS 274: 12.5,0,5,11,14,18,17,23,8
CS 275A: 7.5,0,0,11,11,36,32,11,0
CS 275B: None
CS 277: None
CS 278: 7.5,2,12,27,17,20,15,0,2
CS 279: 7.5,2,7,24,23,10,10,20,0
CS 281: None
CS 288: None
CS 293: None
CS 295: None
CS 298: 2.5,0,13,7,10,47,13,10,0
CS 29N: None
CS 300: 2.5,0,0,0,1,9,22,66,0
CS 309A: 2.5,9,11,13,13,7,27,3,9
CS 31N: None
CS 323: None
CS 324H: None
CS 325B: 12.5,0,3,10,18,21,23,18,0
CS 326: 7.5,0,0,2,2,16,36,40,4
CS 327A: 17.5,0,0,3,0,18,36,41,0
CS 328: None
CS 329D: 7.5,0,2,5,7,24,27,34,0
CS 329H: None
CS 329M: 12.5,0,0,7,13,20,53,7,0
CS 329R: None
CS 329T: 17.5,0,2,2,6,26,48,16,0
CS 329X: None
CS 330: 12.5,0,1,4,3,12,36,15,26
CS 331: None
CS 337: None
CS 339R: 12.5,0,0,0,0,6,78,17,0
CS 342: 7.5,5,25,8,13,15,20,10,0
CS 343D: 7.5,0,0,12,8,4,20,56,0
CS 348C: 7.5,0,8,15,17,15,20,15,7
CS 348E: 7.5,2,6,8,13,18,18,31,3
CS 348I: 12.5,0,5,2,5,17,12,51,5
CS 348K: 12.5,2,0,4,4,26,47,17,0
CS 348N: 7.5,0,0,0,6,6,39,44,0
CS 349D: 7.5,0,0,0,13,33,20,33,0
CS 349F: 2.5,0,2,7,17,9,43,19,0
CS 349H: 7.5,0,3,3,3,14,54,23,0
CS 352B: None
CS 353: None
CS 355: 17.5,6,4,15,2,26,31,13,0
CS 356: 17.5,0,2,4,6,54,27,7,0
CS 359D: None
CS 360: 7.5,2,10,5,10,8,5,55,3
CS 361: 12.5,0,0,1,3,22,47,20,6
CS 362: None
CS 366: 7.5,0,0,4,11,18,39,25,0
CS 369O: 7.5,0,0,7,3,7,21,59,3
CS 372: 7.5,0,0,14,10,14,38,19,0
CS 375: None
CS 377E: 12.5,0,0,6,12,59,12,0,0
CS 377G: 17.5,0,0,17,28,21,24,0,0
CS 377Q: 7.5,0,3,18,13,33,22,5,0
CS 384: 7.5,0,0,2,5,58,28,5,0
CS 399: None
CS 399P: None
CS 40: None
CS 41: 7.5,38,21,16,13,3,2,7,0
CS 422: 7.5,0,5,0,9,18,32,36,0
CS 428A: None
CS 432: 7.5,0,0,5,5,11,42,37,0
CS 448B: 12.5,0,1,4,14,33,28,9,8
CS 448I: 12.5,0,0,3,3,10,29,35,21
CS 44N: 7.5,82,18,0,0,0,0,0,0
CS 45: None
CS 46N: 7.5,100,0,0,0,0,0,0,0
CS 470: None
CS 476A: 22.5,0,4,7,16,14,46,5,0
CS 498C: None
CS 498D: None
CS 499: None
CS 51: 7.5,49,32,10,7,1,0,0,0
CS 521: 2.5,3,3,5,19,31,22,13,0
CS 522: 2.5,19,11,12,9,12,25,7,0
CS 528: 2.5,8,3,5,9,15,42,11,0
CS 529: 2.5,5,4,6,6,10,47,17,1
CS 547: 2.5,9,11,12,15,20,25,3,1
CSRE 298: None
