-70.61968311553774
-74.97023149031043
-74.59367754255321
-52.517940325704984
-57.87412137645843
-74.48612308399338
-77.63908863618242
-81.9071656509965
-76.05791810752046
-53.06791366583076
-64.25359534666707
-69.80479981133479
131.39573540991455
-248.07495685356207
-125.43413781223228
-74.91129952594393
-119.4982792699991
-92.38623791461208
-161.90847740972055
-71.57013572418697
-70.10260243810723
-85.68522370724969
-97.78449110041234
-243.9742897176228
-69.26326613323032
-113.67488249189745
118.20766135491843
-89.16693750451176
-74.91129952594393
-86.87296166238193
-30.19749928398185
-70.3541007819978
-113.17819206446697
-74.91129952594393
-74.91129952594393
-74.91129952594393
-98.46005640816725
-109.01625722304672
-80.7467742389707
-68.20515674064563
-141.47196665084235
-113.17819206446697
