7.032536927911266
6.409983709299011
6.463867691722182
9.62285365709609
8.856396772729012
6.479258481246742
6.028076541960427
5.417324780581307
6.254338317947408
9.54415376835755
7.943509083389392
7.149144808142326
0.8714393740550754
-18.360894499247095
-0.8112823468682571
6.418416734502971
0.03812502028632281
3.9177942378080353
-6.030674376811859
6.896529399737556
7.106529954142905
4.876693577245415
3.1453169300756727
-17.774098696966227
7.226637001137073
0.8714393740550754
3.1360581511756216
4.3784685389166675
6.418416734502971
4.706731075248378
12.816856163066571
7.070541133889204
0.9425146035695455
6.418416734502971
6.418416734502971
6.418416734502971
3.048645126777412
1.5380776701027408
5.583374056712948
7.378049961355421
-3.1062578540767696
0.9425146035695455
