2.5, 14, 21, 19, 22, 4, 9, 5,0
7.5
2.5,5,0,5,0,30,10,10,10,30
10,21,34,24,18,0,0,0,3
2.5,70,17,8,4,1,0,0,0
2.5,46,35,13,4,3,0,0,0
17.5,32,34,14,5,3,4,1,8
2.5,24,46,21,6,4,0,0,0
None
7.5,9,9,9,9,2,0,0,63
12.5,51,21,6,3,0,8,6,9
17.5,59,1,2,2,1,20,8,0
17.5,48,18,6,3,1,9,5,9
7.5,1,3,4,5,1,10,2,1
2.5,44,14,6,4,2,19,8,1
2.5,89,3,0,1,0,3,3,0
2.5,44,25,11,8,1,5,3,1
22.5,33,32,11,5,1,8,3,7
2.5,27,45,18,6,2,0,0,0
27.5,38,40,11,4,1,6,0,0
17.5,0,13,23,18,3,27,2,9
17.5,22,38,18,7,1,4,3,4
2.5,6,50,28,10,1,0,0,0
12.5,10,38,17,12,8,10,1,0
2.5,2,57,25,7,2,0,0,0
27,5,None
2.5,35,22,14,2,25,0,0,0
7.5,None
12.5,4,21,33,23,4,6,2,0
12.5,5,6,14,9,8,23,24,1
2.5,32,5,26,5,5,0,5,0
12.5,1,13,25,33,4,11,3,1
12.5,None
7.5, None
17.5,0,16,24,9,15,24,9,0
17.5,6,17,21,13,11,19,2,5
22.5,1,17,29,8,14,10,6,13
17.5,0,4,19,15,24,24,2,8
12.5,0,5,17,20,16,25,4,6
22.5,1,12,31,22,13,13,2,0
12.5,None
7.5,1,11,22,24,10,13,4,8
17.5, 0,3,14,16,18,29,7,7
7.5,7,17,33,12,18,10,2,1
7.5,2,14,16,17,22,21,1,2
2.5, None
12.5,4,18,18,17,12,20,3,3
12.5,2,9,27,13,19,17,4,8
7.5,1,8,21,26,17,10,5,5
17.5, 5,27,24,12,5,11,5,7
2.5,0,31,37,21,1,3,0,0
12.5,4,28,24,6,18,15,3,1
12.5,1,7,11,7,33,35,6,0
12.5,None
12.5,2,18,5,14,20,25,16,0
12.5,0,9,11,24,17,21,0,0
None
22.5,0,0,0,26,41,31,0,0
None
17.5,23,9,8,17,13,17,4,0
2.5,16,13,5,10,13,15,22,3
12.5,18,23,20,9,9,14,3,0
12.5,0,1,3,75,6,1,0,1
12.5,0,19,23,31,19,4,0,0
12.5,0,1,13,69,4,0,0,0
12.5,16,38,25,13,3,3,0,0
12.5, None
12.5,19,49,25,7,2,1,0,0
2.5,0,48,38,4,0,0,0,0
12.5,1,8,15,8,13,13,28,11
7.5,3,7,17,17,24,21,6,0
12.5,0,1,11,55,10,14,2,0
12.5,0,1,15,57,11,6,3,0
27.5,3,8,38,3,8,13,5,25
2.5,42,36,9,0,3,3,6,0
17.5,2,16,19,7,6,19,6,23
12.5,1,3,6,7,19,38,12,13
17.5,2,7,11,7,13,35,7,17
12.5,None
12.5,0,2,8,10,31,27,6,13