CS224V:12.5,0,0,11,9,43,26,6,0
CS224W:12.5,0,2,3,6,19,40,15,11
CS225A:12.5,0,1,1,3,21,56,13,0
CS227A:None
CS227B:7.5,3,9,33,3,28,19,2,0
CS228:12.5,0,3,6,5,14,32,21,20
CS229:22.5,2,9,8,4,8,28,17,22
CS229B:None
CS229M:12.5,0,3,3,4,13,22,49,5
CS229S:None
CS22A:2.5,36,17,8,13,4,12,2,0
CS230:12.5,1,5,6,5,8,26,19,27
CS231N:17.5,3,8,10,3,11,32,13,18
CS233:12.5,1,6,3,5,9,18,57,0
CS235:12.5,2,3,16,7,20,25,14,8
CS236:12.5,0,3,5,7,12,31,19,21
CS237A:12.5,0,2,6,9,10,48,7,16
CS237B:12.5,0,1,5,1,7,59,8,16
CS238:12.5,0,1,7,11,16,46,9,7
CS239:12.5,0,3,3,0,18,33,44,0
CS240:12.5,0,2,1,4,33,25,3,31
CS240LX:7.5,0,18,21,7,18,18,18,0
CS241:7.5,0,4,14,8,31,33,4,0
CS242:12.5,0,2,5,7,27,28,23,4
CS243:12.5,1,0,3,3,24,36,16,16
CS246:12.5,1,3,6,3,18,47,11,9
CS247A:17.5,0,9,7,17,35,22,2,2
CS247B:12.5,0,0,20,18,40,19,1,0
CS247G:12.5,1,4,28,18,20,18,2,0
CS247S:17.5,0,2,10,22,34,26,2,0
CS248A:12.5,0,7,11,7,14,36,9,14
CS248B:12.5,0,11,16,14,8,28,14,6
CS249I:7.5,0,0,10,7,38,28,17,0
CS251:12.5,0,6,12,15,16,30,6,9
CS254:7.5,5,9,17,8,21,21,12,4
CS254B:7.5,2,8,23,13,25,21,8,0
CS255:12.5,1,6,18,12,17,27,6,10
CS256:None
CS257:12.5,0,0,3,17,21,24,34,0
CS259Q:12.5,3,3,7,10,16,21,36,0
CS261:12.5,1,4,7,7,39,34,7,1
CS263:10,0,4,0,13,30,22,30,0
CS265:12.5,0,4,10,8,18,30,27,2
CS270:7.5,1,1,3,9,19,45,6,12
CS272:12.5,0,0,0,4,36,31,29,0
CS273B:7.5,2,2,4,14,26,22,24,0
CS273C:7.5,0,9,9,14,33,23,9,0
CS274:12.5,0,5,11,14,18,17,23,8
CS275A:7.5,0,0,11,11,36,32,11,0
CS275B:7.5
CS277:None
CS278:7.5,2,12,27,17,20,15,0,2
CS279:7.5,2,7,24,23,10,10,20,0
CS281:None
CS288:None
CS293:None
CS295:7.5
CS298:2.5,0,13,7,10,47,13,10,0
CS29N:None
CS300:2.5,0,0,0,1,9,22,66,0
CS309A:2.5,9,11,13,13,7,27,3,9
CS31N:7.5
CS323:7.5
CS324H:None
CS325B:12.5,0,3,10,18,21,23,18,0
CS326:7.5,0,0,2,2,16,36,40,4
CS327A:17.5,0,0,3,0,18,36,41,0
CS328:None
CS329D:7.5,0,2,5,7,24,27,34,0
CS329H:None
CS329M:     0,0,7,13,20,53,7,0
CS329R:None
CS329T:17.5,0,2,2,6,26,48,16,0
CS329X:None
CS330:12.5,0,1,4,3,12,36,15,26
CS331B:7.5
CS337:7.5
CS339R:12.5,0,0,0,0,6,78,17,0
CS342:7.5,5,25,8,13,15,20,10,0
CS343D:7.5,0,0,12,8,4,20,56,0
CS348C:7.5,0,8,15,17,15,20,15,7
CS348E:7.5,2,6,8,13,18,18,31,3
CS348I:12.5,0,5,2,5,17,12,51,5
CS348K:12.5,2,0,4,4,26,47,17,0
CS348N:   0,0,0,6,6,39,44,0
CS349D:7.5,0,0,0,13,33,20,33,0
CS349F:2.5,0,2,7,17,9,43,19,0
CS349H:7.5,0,3,3,3,14,54,23,0
CS352B:None
CS353:5
CS355:17.5,6,4,15,2,26,31,13,0
CS356:17.5,0,2,4,6,54,27,7,0
CS359D:None
CS360:7.5,2,10,5,10,8,5,55,3
CS361:12.5,0,0,1,3,22,47,20,6
CS362:None
CS366:7.5,0,0,4,11,18,39,25,0
CS369O:7.5,0,0,7,3,7,21,59,3
CS372:7.5,0,0,14,10,14,38,19,0
CS375:7.5
CS377E:12.5,0,0,6,12,59,12,0,0
CS377G:17.5,0,0,17,28,21,24,0,0
CS377Q:7.5,0,3,18,13,33,22,5,0
CS384:7.5,0,0,2,5,58,28,5,0
CS399:None
CS399P:None
CS40:None
CS41:7.5,38,21,16,13,3,2,7,0
CS422:7.5,0,5,0,9,18,32,36,0
CS428A:None
CS432:7.5,0,0,5,5,11,42,37,0
CS448B:12.5,0,1,4,14,33,28,9,8
CS448I:12.5,0,0,3,3,10,29,35,21
CS44N:7.5,82,18,0,0,0,0,0,0
CS45:None
CS46:7.5,100,0,0,0,0,0,0,0
CS470:None
CS476A:22.5,0,4,7,16,14,46,5,0
CS498C:None
CS498D:7.5
CS499:None
CS51:7.5,49,32,10,7,1,0,0,0
CS521:2.5,3,3,5,19,31,22,13,0
CS522:2.5,19,11,12,9,12,25,7,0
CS528:2.5,8,3,5,9,15,42,11,0
CS529:2.5,5,4,6,6,10,47,17,1
CS547:2.5,9,11,12,15,20,25,3,1
CSRE298:None

