Average Hour, Freshman, Sophomore, Junior, Senior, Coterm, Master, PhD, SCPD
2.5, 14, 21, 19, 22, 4, 9, 5,0
7.5
2.5,5,0,5,30,10,10,10,30
10,21,34,24,18,0,0,0,3
2.5,70,17,8,4,1,0,0,0
2.5,46,35,13,4,3,0,0,0
17.5,32,34,14,5,3,4,1,8
2.5,24,46,21,6,4,0,0,0
None
7.5,9,9,9,9,2,0,0,63
12.5,51,21,6,3,0,8,6,9
17.5,59,1,2,2,1,20,8,0
17.5,48,18,6,3,1,9,5,9
7.5,1,3,4,5,1,10,2,1
2.5,44,14,6,4,2,19,8,1
2.5,89,3,0,1,0,3,3,0
2.5,44,25,11,8,1,5,3,1
22.5,33,32,11,5,1,8,3,7
2.5,27,45,18,6,2,0,0,0
27.5,38,40,11,4,1,6,0,0
17.5,0,13,23,18,3,27,2,9
17.5,22,38,18,7,1,4,3,4
2.5,6,50,28,10,1,0,0,0
12.5,10,38,17,12,8,10,1,0
2.5,2,57,25,7,2,0,0,0
27,5,None
2.5,35,22,14,2,25,0,0,0
7.5,None
12.5,4,21,33,23,4,6,2,0
12.5,5,6,14,9,8,23,24,1
2.5,32,5,26,5,5,0,5,0
12.5,1,13,25,33,4,11,3,1
12.5,None
7.5, None
17.5,0,16,24,9,15,24,9,0
17.5,6,17,21,13,11,19,2,5
22.5,1,17,29,8,14,10,6,13
17.5,0,4,19,15,24,24,2,8
12.5,0,5,17,20,16,25,4,6
22.5,1,12,31,22,13,13,2,0
12.5,None
7.5,1,11,22,24,10,13,4,8
17.5, 0,3,14,16,18,29,7,7
7.5,7,17,33,12,18,10,2,1
7.5,2,14,16,17,22,21,1,2
2.5, None
12.5,4,18,18,17,12,20,3,3
12.5,2,9,27,13,19,17,4,8
7.5,1,8,21,26,17,10,5,5
17.5, 5,27,24,12,5,11,5,7
2.5,0,31,37,21,1,3,0,0
12.5,4,28,24,6,18,15,3,1
12.5,1,7,11,7,33,35,6,0
12.5,None
12.5,2,18,5,14,20,25,16,0
12.5,0,9,11,24,17,21,0,0
None
22.5,0,0,0,26,41,31,0,0
None
17.5,23,9,8,17,13,17,4,0
2.5,16,13,5,10,13,15,22,3
12.5,18,23,20,9,9,14,3,0
12.5,0,1,3,75,6,1,0,1
12.5,0,19,23,31,19,4,0,0
12.5,0,1,13,69,4,0,0,0
12.5,16,38,25,13,3,3,0,0
12.5, None
12.5,19,49,25,7,2,1,0,0
2.5,0,48,38,4,0,0,0,0
12.5,1,8,15,8,13,13,28,11
7.5,3,7,17,17,24,21,6,0
12.5,0,1,11,55,10,14,2,0
12.5,0,1,15,57,11,6,3,0
27.5,3,8,38,3,8,13,5,25
2.5,42,36,9,0,3,3,6,0
17.5,2,16,19,7,6,19,6,23
12.5,1,3,6,7,19,38,12,13
17.5,2,7,11,7,13,35,7,17
12.5,None
12.5,0,2,8,10,31,27,6,13(CS224U)
12.5,0,0,11,9,43,26,6,0
12.5,0,2,3,6,19,40,15,11
12.5,0,1,1,3,21,56,13,0
None
7.5,3,9,33,3,28,19,2,0
12.5,0,3,6,5,14,32,21,20
22.5,2,9,8,4,8,28,17,22
None
12.5,0,3,3,4,13,22,49,5
None
2.5,36,17,8,13,4,12,2,0
12.5,1,5,6,5,8,26,19,27
17.5,3,8,10,3,11,32,13,18
12.5,1,6,3,5,9,18,57,0
12.5,2,3,16,7,20,25,14,8
12.5,0,3,5,7,12,31,19,21
12.5,0,2,6,9,10,48,7,16
12.5,0,1,5,1,7,59,8,16
12.5,0,1,7,11,16,46,9,7
12.5,0,3,3,0,18,33,44,0
12.5,0,2,1,4,33,25,3,31
7.5,0,18,21,7,18,18,18,0
7.5,0,4,14,8,31,33,4,0
12.5,0,2,5,7,27,28,23,4
12.5,1,0,3,3,24,36,16,16
12.5,1,3,6,3,18,47,11,9
17.5,0,9,7,17,35,22,2,2
12.5,0,0,20,18,40,19,1,0
12.5,1,4,28,18,20,18,2,0
17.5,0,2,10,22,34,26,2,0
12.5,0,7,11,7,14,36,9,14
12.5,0,11,16,14,8,28,14,6
7.5,0,0,10,7,38,28,17,0
7.5,33,32,16,10,0,0,0,5
12.5,0,6,12,15,16,30,6,9
7.5,5,9,17,8,21,21,12,4
7.5,2,8,23,13,25,21,8,0
12.5,1,6,18,12,17,27,6,10
None
12.5,0,0,3,17,21,24,34,0
12.5,3,3,7,10,16,21,36,0
12.5,0,0,20,5,15,25,35,0
12.5,1,4,7,7,39,34,7,1
10,0,4,0,13,30,22,30,0
12.5,0,4,10,8,18,30,27,2
7.5,1,1,3,9,19,45,6,12
12.5,0,0,0,4,36,31,29,0
7.5,2,2,4,14,26,22,24,0
7.5,0,9,9,14,33,23,9,0
12.5,0,5,11,14,18,17,23,8
7.5,0,0,11,11,36,32,11,0
7.5
None
7.5,2,12,27,17,20,15,0,2
7.5,2,7,24,23,10,10,20,0
None
None
None
7.5
2.5,0,13,7,10,47,13,10,0
None
2.5,0,0,0,1,9,22,66,0
2.5,9,11,13,13,7,27,3,9
7.5
7.5
None
12.5,0,3,10,18,21,23,18,0
7.5,0,0,2,2,16,36,40,4
17.5,0,0,3,0,18,36,41,0
None
7.5,0,2,5,7,24,27,34,0
None
12.5,0,0,7,13,20,53,7,0
None
17.5,0,2,2,6,26,48,16,0
None
12.5,0,1,4,3,12,36,15,26
7.5
7.5
12.5,0,0,0,0,6,78,17,0
7.5,5,25,8,13,15,20,10,0
7.5,0,0,12,8,4,20,56,0
7.5,0,8,15,17,15,20,15,7
7.5,2,6,8,13,18,18,31,3
12.5,0,5,2,5,17,12,51,5
12.5,2,0,4,4,26,47,17,0
7.5,0,0,0,6,6,39,44,0
7.5,0,0,0,13,33,20,33,0
2.5,0,2,7,17,9,43,19,0
7.5,0,3,3,3,14,54,23,0
None
5
17.5,6,4,15,2,26,31,13,0
17.5,0,2,4,6,54,27,7,0
None
7.5,2,10,5,10,8,5,55,3
12.5,0,0,1,3,22,47,20,6
None
7.5,0,0,4,11,18,39,25,0
7.5,0,0,7,3,7,21,59,3
7.5,0,0,14,10,14,38,19,0
7.5
12.5,0,0,6,12,59,12,0,0
17.5,0,0,17,28,21,24,0,0
7.5,0,3,18,13,33,22,5,0
7.5,0,0,2,5,58,28,5,0
None
None
None
7.5,38,21,16,13,3,2,7,0
7.5,0,5,0,9,18,32,36,0
None
7.5,0,0,5,5,11,42,37,0
12.5,0,1,4,14,33,28,9,8
12.5,0,0,3,3,10,29,35,21
7.5,82,18,0,0,0,0,0,0
None
7.5,100,0,0,0,0,0,0,0
None
22.5,0,4,7,16,14,46,5,0
None
7.5
None
7.5,49,32,10,7,1,0,0,0
2.5,3,3,5,19,31,22,13,0
2.5,19,11,12,9,12,25,7,0
2.5,8,3,5,9,15,42,11,0
2.5,5,4,6,6,10,47,17,1
2.5,9,11,12,15,20,25,3,1
None