34,50,46,53,10,22,12
NA
1,0,1,4,1,1,1
4,6,5,3,0,0,0
7,2,1,0,0,0,0
NA
67,71,29,10,6,8,2
2,5,2,1,0,0,0
NA
3,3,3,3,1,0,0
275,113,32,16,0,43,32
24,0,1,1,0,8,3
240,90,30,15,5,45,25
1,2,3,4,1,8,2
10,3,1,1,0,4,2
17,1,0,0,0,1,1
6,4,2,1,0,1,0
84,82,28,13,3,20,8
3,4,2,1,0,0,0
14,15,4,2,0,2,0
0,4,7,5,1,8,1
92,158,75,29,4,17,12
1,5,3,1,0,0,0
29,109,49,35,23,29,3
0,6,2,1,0,0,0
NA
5,3,2,0,4,0,0
NA
14,74,116,81,14,21,7
4,5,12,7,7,19,20
6,1,5,1,1,0,1
1,19,37,49,6,16,4
NA
NA
0,7,10,4,6,10,4
8,24,29,18,15,27,3
1,19,33,9,16,11,7
0,9,44,35,56,56,5
0,11,38,45,36,56,9
2,19,48,34,20,20,3
NA
5,54,107,117,49,63,20
0,7,31,35,40,64,15
6,14,27,10,15,8,2
4,27,31,33,43,41,2
NA
4,16,16,15,11,18,3
3,14,42,20,29,26,6
2,15,39,48,32,19,9
7,40,35,18,7,16,7
0,6,7,4,0,1,0
2,12,10,3,8,6,1
3,19,30,19,91,97,17
NA
1,8,2,6,9,11,7
0,3,4,9,6,8,0
NA
0,0,0,5,7,6,0
NA
11,4,4,8,6,8,2
3,2,1,2,2,3,4
26,33,29,13,13,20,4
0,0,1,22,2,0,0
0,5,6,8,5,1,0
0,1,18,93,5,0,0
4,8,6,3,1,1,0
NA
4,11,6,2,0,0,0
0,2,2,0,0,0,0
4,33,62,33,53,53,115
1,2,4,4,6,5,2
0,0,6,28,5,7,1
0,0,7,27,5,3,1
1,3,14,1,3,5,2
5,5,1,0,0,0,1
9,70,84,31,26,84,26
1,3,6,7,20,40,13
10,36,56,36,66,178,36
NA
0,5,19,24,75,66,15
0,0,10,8,40,24,6
0,4,7,13,42,89,33
0,0,0,1,7,17,4
NA
2,6,21,2,18,12,1
0,4,8,7,19,43,28
5,23,21,10,21,73,44
NA
0,1,1,1,4,7,15
NA
67,32,15,24,7,22,4
3,14,16,14,22,72,52
15,40,50,15,55,159,65
0,1,0,1,1,2,6
0,1,3,1,4,5,3
0,10,16,22,39,100,61
0,1,2,3,4,18,3
0,0,2,0,3,29,4
0,3,23,36,53,152,30
0,1,1,0,3,6,8
0,1,1,2,18,14,2
0,2,3,1,2,2,2
0,0,1,1,3,3,0
0,1,3,4,14,14,12
0,0,2,2,12,18,8
2,8,15,8,45,118,28
0,2,2,4,8,5,0
0,0,7,6,14,6,0
1,4,30,19,21,19,2
0,0,2,5,8,6,0
0,4,7,4,9,23,6
0,5,8,7,4,13,7
0,0,7,5,25,18,11
8,8,4,2,0,0,0
0,5,10,12,13,24,5
2,4,7,3,9,9,5
1,2,6,3,6,5,2
2,11,33,22,31,50,11
NA
0,0,1,5,6,6,9
1,1,3,4,7,9,15
0,0,16,4,12,20,28
0,1,2,2,13,11,2
0,1,0,2,5,4,5
0,2,6,4,10,16,15
0,0,1,3,6,15,2
0,0,0,0,1,1,1
1,1,2,6,11,9,10
0,3,3,5,12,8,3
0,2,4,5,6,6,8
0,0,1,1,3,3,1
NA
NA
4,22,49,31,36,27,0
2,8,27,26,11,11,22
NA
NA
NA
NA
0,1,1,1,4,1,1
NA
0,0,0,1,7,17,51
12,14,17,17,9,35,4
NA
NA
NA
0,1,2,4,4,5,4
0,0,0,0,4,9,10
0,0,1,0,6,12,14
NA
0,1,1,2,7,8,10
NA
0,0,1,1,2,5,1
NA
0,1,1,2,7,12,4
NA
0,1,4,3,12,35,14
NA
NA
0,0,0,0,0,4,1
2,8,2,4,4,6,3
0,0,2,2,1,4,11
0,3,6,7,6,8,6
1,2,2,3,5,5,8
0,1,0,1,4,3,11
1,0,1,1,9,16,6
0,0,0,2,2,12,13
0,0,0,4,9,6,9
0,1,4,9,5,23,10
0,0,0,0,2,7,3
NA
NA
3,2,8,1,14,16,7
0,1,1,2,19,10,3
NA
0,1,0,1,1,0,4
0,0,0,1,8,16,7
NA
0,0,0,0,1,2,1
0,0,1,0,1,2,5
0,0,4,3,4,11,6
NA
0,0,2,4,18,4,0
0,0,4,7,5,6,0
0,1,5,4,10,7,2
0,0,0,1,14,7,1
NA
NA
NA
16,9,7,6,1,1,3
0,1,0,1,2,4,5
NA
0,0,1,1,3,10,9
0,1,3,9,22,18,6
0,0,0,0,1,4,5
9,2,0,0,0,0,0
NA
15,0,0,0,0,0,0
NA
0,0,0,1,1,3,0
NA
NA
NA
13,8,3,2,0,0,0
3,3,5,19,31,22,13
36,21,22,17,22,47,13
1,0,0,1,2,4,1
6,4,7,7,11,52,19
4,5,5,7,9,11,1
NA
