7.627919454169843
7.994127229824111
7.962430769575187
6.104203731119948
6.555060721924111
7.953377363972506
8.21877850472916
8.578044246716878
8.085683342383877
6.1504977833190875
7.092053480359182
7.5593265834456895
11.252094485849955
22.565232058380644
12.241930792275445
7.989166626762958
11.742279399831574
9.460121036583509
15.312161398124625
7.707923882507321
7.58439414462182
8.896062601620343
9.914519452896663
22.220058057038955
7.513742940507603
11.252094485849955
9.919965793426105
9.189136153578431
7.989166626762958
8.996040543971542
4.2253787276079
7.605564038888703
11.210285527312033
7.989166626762958
7.989166626762958
7.989166626762958
9.971385219542698
10.85995431170427
8.48036820193356
7.424676493320341
13.59191638475104
11.210285527312033
