0.01994134897360704,0.02880184331797235,0.021515434985968196,0.02595494613124388,0.03333333333333333,0.010461245839277223,0.015018773466833541
NA
0.0005865102639296188,0.0,0.0004677268475210477,0.0019588638589618022,0.0033333333333333335,0.00047551117451260106,0.0012515644555694619
0.002346041055718475,0.0034562211981566822,0.0023386342376052385,0.0014691478942213516,0.0,0.0,0.0
0.004105571847507331,0.001152073732718894,0.0004677268475210477,0.0,0.0,0.0,0.0
NA
0.03929618768328446,0.04089861751152074,0.013564078578110383,0.004897159647404506,0.02,0.0038040893961008085,0.0025031289111389237
0.0011730205278592375,0.002880184331797235,0.0009354536950420954,0.0004897159647404506,0.0,0.0,0.0
NA
0.0017595307917888563,0.0017281105990783411,0.001403180542563143,0.0014691478942213516,0.0033333333333333335,0.0,0.0
0.16129032258064516,0.06509216589861751,0.014967259120673527,0.007835455435847209,0.0,0.020446980504041846,0.04005006257822278
0.01407624633431085,0.0,0.0004677268475210477,0.0004897159647404506,0.0,0.0038040893961008085,0.0037546933667083854
0.14076246334310852,0.05184331797235023,0.01403180542563143,0.007345739471106758,0.016666666666666666,0.021398002853067047,0.03128911138923655
0.0005865102639296188,0.001152073732718894,0.001403180542563143,0.0019588638589618022,0.0033333333333333335,0.0038040893961008085,0.0025031289111389237
0.005865102639296188,0.0017281105990783411,0.0004677268475210477,0.0004897159647404506,0.0,0.0019020446980504042,0.0025031289111389237
0.00997067448680352,0.000576036866359447,0.0,0.0,0.0,0.00047551117451260106,0.0012515644555694619
0.0035190615835777126,0.002304147465437788,0.0009354536950420954,0.0004897159647404506,0.0,0.00047551117451260106,0.0
0.04926686217008798,0.04723502304147465,0.013096351730589336,0.006366307541625857,0.01,0.009510223490252021,0.010012515644555695
0.0017595307917888563,0.002304147465437788,0.0009354536950420954,0.0004897159647404506,0.0,0.0,0.0
0.008211143695014663,0.008640552995391706,0.0018709073900841909,0.0009794319294809011,0.0,0.0009510223490252021,0.0
0.0,0.002304147465437788,0.003274087932647334,0.002448579823702253,0.0033333333333333335,0.0038040893961008085,0.0012515644555694619
0.05395894428152493,0.09101382488479262,0.035079513564078575,0.014201762977473066,0.013333333333333334,0.008083689966714217,0.015018773466833541
0.0005865102639296188,0.002880184331797235,0.001403180542563143,0.0004897159647404506,0.0,0.0,0.0
0.017008797653958945,0.06278801843317973,0.022918615528531337,0.017140058765915768,0.07666666666666666,0.01378982406086543,0.0037546933667083854
0.0,0.0034562211981566822,0.0009354536950420954,0.0004897159647404506,0.0,0.0,0.0
NA
0.002932551319648094,0.0017281105990783411,0.0009354536950420954,0.0,0.013333333333333334,0.0,0.0
NA
0.008211143695014663,0.04262672811059908,0.05425631431244153,0.039666993143976495,0.04666666666666667,0.009985734664764621,0.008760951188986232
0.002346041055718475,0.002880184331797235,0.005612722170252572,0.0034280117531831538,0.023333333333333334,0.00903471231573942,0.025031289111389236
0.0035190615835777126,0.000576036866359447,0.0023386342376052385,0.0004897159647404506,0.0033333333333333335,0.0,0.0012515644555694619
0.0005865102639296188,0.010944700460829493,0.017305893358278764,0.023996082272282077,0.02,0.007608178792201617,0.0050062578222778474
NA
NA
0.0,0.004032258064516129,0.004677268475210477,0.0019588638589618022,0.02,0.004755111745126011,0.0050062578222778474
0.00469208211143695,0.013824884792626729,0.013564078578110383,0.00881488736532811,0.05,0.012838801711840228,0.0037546933667083854
0.0005865102639296188,0.010944700460829493,0.015434985968194575,0.004407443682664055,0.05333333333333334,0.005230622919638612,0.008760951188986232
0.0,0.005184331797235023,0.0205799812909261,0.017140058765915768,0.18666666666666668,0.02662862577270566,0.006257822277847309
0.0,0.006336405529953917,0.01777362020579981,0.022037218413320275,0.12,0.02662862577270566,0.011264080100125156
0.0011730205278592375,0.010944700460829493,0.02245088868101029,0.01665034280117532,0.06666666666666667,0.009510223490252021,0.0037546933667083854
NA
0.002932551319648094,0.03110599078341014,0.050046772684752105,0.05729676787463271,0.16333333333333333,0.029957203994293864,0.025031289111389236
0.0,0.004032258064516129,0.014499532273152479,0.017140058765915768,0.13333333333333333,0.030432715168806468,0.01877346683354193
0.0035190615835777126,0.008064516129032258,0.012628624883068288,0.004897159647404506,0.05,0.0038040893961008085,0.0025031289111389237
0.002346041055718475,0.01555299539170507,0.014499532273152479,0.016160626836434867,0.14333333333333334,0.019495958155016643,0.0025031289111389237
NA
0.002346041055718475,0.009216589861751152,0.007483629560336763,0.007345739471106758,0.03666666666666667,0.008559201141226819,0.0037546933667083854
0.0017595307917888563,0.008064516129032258,0.019644527595884004,0.009794319294809012,0.09666666666666666,0.012363290537327628,0.007509386733416771
0.0011730205278592375,0.008640552995391706,0.01824134705332086,0.023506366307541625,0.10666666666666667,0.00903471231573942,0.011264080100125156
0.004105571847507331,0.02304147465437788,0.01637043966323667,0.00881488736532811,0.023333333333333334,0.007608178792201617,0.008760951188986232
0.0,0.0034562211981566822,0.003274087932647334,0.0019588638589618022,0.0,0.00047551117451260106,0.0
0.0011730205278592375,0.0069124423963133645,0.004677268475210477,0.0014691478942213516,0.02666666666666667,0.0028530670470756064,0.0012515644555694619
0.0017595307917888563,0.010944700460829493,0.01403180542563143,0.00930460333006856,0.30333333333333334,0.0461245839277223,0.02127659574468085
NA
0.0005865102639296188,0.004608294930875576,0.0009354536950420954,0.002938295788442703,0.03,0.005230622919638612,0.008760951188986232
0.0,0.0017281105990783411,0.0018709073900841909,0.004407443682664055,0.02,0.0038040893961008085,0.0
NA
0.0,0.0,0.0,0.002448579823702253,0.023333333333333334,0.0028530670470756064,0.0
NA
0.0064516129032258064,0.002304147465437788,0.0018709073900841909,0.0039177277179236044,0.02,0.0038040893961008085,0.0025031289111389237
0.0017595307917888563,0.001152073732718894,0.0004677268475210477,0.0009794319294809011,0.006666666666666667,0.0014265335235378032,0.0050062578222778474
0.015249266862170088,0.019009216589861752,0.013564078578110383,0.006366307541625857,0.043333333333333335,0.009510223490252021,0.0050062578222778474
0.0,0.0,0.0004677268475210477,0.010773751224289911,0.006666666666666667,0.0,0.0
0.0,0.002880184331797235,0.002806361085126286,0.0039177277179236044,0.016666666666666666,0.00047551117451260106,0.0
0.0,0.000576036866359447,0.00841908325537886,0.0455435847208619,0.016666666666666666,0.0,0.0
0.002346041055718475,0.004608294930875576,0.002806361085126286,0.0014691478942213516,0.0033333333333333335,0.00047551117451260106,0.0
NA
0.002346041055718475,0.006336405529953917,0.002806361085126286,0.0009794319294809011,0.0,0.0,0.0
0.0,0.001152073732718894,0.0009354536950420954,0.0,0.0,0.0,0.0
0.002346041055718475,0.019009216589861752,0.028999064546304958,0.016160626836434867,0.17666666666666667,0.025202092249167855,0.1439299123904881
0.0005865102639296188,0.001152073732718894,0.0018709073900841909,0.0019588638589618022,0.02,0.0023775558725630053,0.0025031289111389237
0.0,0.0,0.002806361085126286,0.013712047012732615,0.016666666666666666,0.0033285782215882074,0.0012515644555694619
0.0,0.0,0.003274087932647334,0.013222331047992164,0.016666666666666666,0.0014265335235378032,0.0012515644555694619
0.0005865102639296188,0.0017281105990783411,0.006548175865294668,0.0004897159647404506,0.01,0.0023775558725630053,0.0025031289111389237
0.002932551319648094,0.002880184331797235,0.0004677268475210477,0.0,0.0,0.0,0.0012515644555694619
0.005278592375366569,0.04032258064516129,0.03928905519176801,0.015181194906953967,0.08666666666666667,0.039942938659058486,0.03254067584480601
0.0005865102639296188,0.0017281105990783411,0.002806361085126286,0.0034280117531831538,0.06666666666666667,0.019020446980504042,0.016270337922403004
0.005865102639296188,0.020737327188940093,0.026192703461178673,0.01762977473065622,0.22,0.08464098906324298,0.04505632040050062
NA
0.0,0.002880184331797235,0.008886810102899906,0.011753183153770812,0.25,0.03138373751783167,0.01877346683354193
0.0,0.0,0.004677268475210477,0.0039177277179236044,0.13333333333333333,0.011412268188302425,0.007509386733416771
0.0,0.002304147465437788,0.003274087932647334,0.006366307541625857,0.14,0.04232049453162149,0.04130162703379224
0.0,0.0,0.0,0.0004897159647404506,0.023333333333333334,0.008083689966714217,0.0050062578222778474
NA
0.0011730205278592375,0.0034562211981566822,0.009822263797942002,0.0009794319294809011,0.06,0.005706134094151213,0.0012515644555694619
0.0,0.002304147465437788,0.0037418147801683817,0.0034280117531831538,0.06333333333333334,0.020446980504041846,0.03504380475594493
0.002932551319648094,0.013248847926267281,0.009822263797942002,0.004897159647404506,0.07,0.03471231573941987,0.05506883604505632
NA
0.0,0.000576036866359447,0.0004677268475210477,0.0004897159647404506,0.013333333333333334,0.0033285782215882074,0.01877346683354193
NA
0.03929618768328446,0.018433179723502304,0.007015902712815715,0.011753183153770812,0.023333333333333334,0.010461245839277223,0.0050062578222778474
0.0017595307917888563,0.008064516129032258,0.007483629560336763,0.0068560235063663075,0.07333333333333333,0.034236804564907276,0.06508135168961202
0.008797653958944282,0.02304147465437788,0.023386342376052385,0.007345739471106758,0.18333333333333332,0.07560627674750357,0.08135168961201501
0.0,0.000576036866359447,0.0,0.0004897159647404506,0.0033333333333333335,0.0009510223490252021,0.007509386733416771
0.0,0.000576036866359447,0.001403180542563143,0.0004897159647404506,0.013333333333333334,0.0023775558725630053,0.0037546933667083854
0.0,0.00576036866359447,0.007483629560336763,0.010773751224289911,0.13,0.0475511174512601,0.07634543178973717
0.0,0.000576036866359447,0.0009354536950420954,0.0014691478942213516,0.013333333333333334,0.008559201141226819,0.0037546933667083854
0.0,0.0,0.0009354536950420954,0.0,0.01,0.01378982406086543,0.0050062578222778474
0.0,0.0017281105990783411,0.010757717492984098,0.01762977473065622,0.17666666666666667,0.07227769852591535,0.03754693366708386
0.0,0.000576036866359447,0.0004677268475210477,0.0,0.01,0.0028530670470756064,0.010012515644555695
0.0,0.000576036866359447,0.0004677268475210477,0.0009794319294809011,0.06,0.006657156443176415,0.0025031289111389237
0.0,0.001152073732718894,0.001403180542563143,0.0004897159647404506,0.006666666666666667,0.0009510223490252021,0.0025031289111389237
0.0,0.0,0.0004677268475210477,0.0004897159647404506,0.01,0.0014265335235378032,0.0
0.0,0.000576036866359447,0.001403180542563143,0.0019588638589618022,0.04666666666666667,0.006657156443176415,0.015018773466833541
0.0,0.0,0.0009354536950420954,0.0009794319294809011,0.04,0.008559201141226819,0.010012515644555695
0.0011730205278592375,0.004608294930875576,0.007015902712815715,0.0039177277179236044,0.15,0.05611031859248693,0.03504380475594493
0.0,0.001152073732718894,0.0009354536950420954,0.0019588638589618022,0.02666666666666667,0.0023775558725630053,0.0
0.0,0.0,0.003274087932647334,0.002938295788442703,0.04666666666666667,0.0028530670470756064,0.0
0.0005865102639296188,0.002304147465437788,0.01403180542563143,0.00930460333006856,0.07,0.00903471231573942,0.0025031289111389237
0.0,0.0,0.0009354536950420954,0.002448579823702253,0.02666666666666667,0.0028530670470756064,0.0
0.0,0.002304147465437788,0.003274087932647334,0.0019588638589618022,0.03,0.010936757013789824,0.007509386733416771
0.0,0.002880184331797235,0.0037418147801683817,0.0034280117531831538,0.013333333333333334,0.006181645268663814,0.008760951188986232
0.0,0.0,0.003274087932647334,0.002448579823702253,0.08333333333333333,0.008559201141226819,0.01376720901126408
0.00469208211143695,0.004608294930875576,0.0018709073900841909,0.0009794319294809011,0.0,0.0,0.0
0.0,0.002880184331797235,0.004677268475210477,0.005876591576885406,0.043333333333333335,0.011412268188302425,0.006257822277847309
0.0011730205278592375,0.002304147465437788,0.003274087932647334,0.0014691478942213516,0.03,0.0042796005706134095,0.006257822277847309
0.0005865102639296188,0.001152073732718894,0.002806361085126286,0.0014691478942213516,0.02,0.0023775558725630053,0.0025031289111389237
0.0011730205278592375,0.006336405529953917,0.015434985968194575,0.010773751224289911,0.10333333333333333,0.02377555872563005,0.01376720901126408
NA
0.0,0.0,0.0004677268475210477,0.002448579823702253,0.02,0.0028530670470756064,0.011264080100125156
0.0005865102639296188,0.000576036866359447,0.001403180542563143,0.0019588638589618022,0.023333333333333334,0.0042796005706134095,0.01877346683354193
0.0,0.0,0.007483629560336763,0.0019588638589618022,0.04,0.009510223490252021,0.03504380475594493
0.0,0.000576036866359447,0.0009354536950420954,0.0009794319294809011,0.043333333333333335,0.005230622919638612,0.0025031289111389237
0.0,0.000576036866359447,0.0,0.0009794319294809011,0.016666666666666666,0.0019020446980504042,0.006257822277847309
0.0,0.001152073732718894,0.002806361085126286,0.0019588638589618022,0.03333333333333333,0.007608178792201617,0.01877346683354193
0.0,0.0,0.0004677268475210477,0.0014691478942213516,0.02,0.007132667617689016,0.0025031289111389237
0.0,0.0,0.0,0.0,0.0033333333333333335,0.00047551117451260106,0.0012515644555694619
0.0005865102639296188,0.000576036866359447,0.0009354536950420954,0.002938295788442703,0.03666666666666667,0.0042796005706134095,0.012515644555694618
0.0,0.0017281105990783411,0.001403180542563143,0.002448579823702253,0.04,0.0038040893961008085,0.0037546933667083854
0.0,0.001152073732718894,0.0018709073900841909,0.002448579823702253,0.02,0.0028530670470756064,0.010012515644555695
0.0,0.0,0.0004677268475210477,0.0004897159647404506,0.01,0.0014265335235378032,0.0012515644555694619
NA
NA
0.002346041055718475,0.012672811059907835,0.022918615528531337,0.015181194906953967,0.12,0.012838801711840228,0.0
0.0011730205278592375,0.004608294930875576,0.012628624883068288,0.012732615083251714,0.03666666666666667,0.005230622919638612,0.02753441802252816
NA
NA
NA
NA
0.0,0.000576036866359447,0.0004677268475210477,0.0004897159647404506,0.013333333333333334,0.00047551117451260106,0.0012515644555694619
NA
0.0,0.0,0.0,0.0004897159647404506,0.023333333333333334,0.008083689966714217,0.06382978723404255
0.007038123167155425,0.008064516129032258,0.007951356407857811,0.00832517140058766,0.03,0.016642891107941038,0.0050062578222778474
NA
NA
NA
0.0,0.000576036866359447,0.0009354536950420954,0.0019588638589618022,0.013333333333333334,0.0023775558725630053,0.0050062578222778474
0.0,0.0,0.0,0.0,0.013333333333333334,0.0042796005706134095,0.012515644555694618
0.0,0.0,0.0004677268475210477,0.0,0.02,0.005706134094151213,0.017521902377972465
NA
0.0,0.000576036866359447,0.0004677268475210477,0.0009794319294809011,0.023333333333333334,0.0038040893961008085,0.012515644555694618
NA
0.0,0.0,0.0004677268475210477,0.0004897159647404506,0.006666666666666667,0.0023775558725630053,0.0012515644555694619
NA
0.0,0.000576036866359447,0.0004677268475210477,0.0009794319294809011,0.023333333333333334,0.005706134094151213,0.0050062578222778474
NA
0.0,0.000576036866359447,0.0018709073900841909,0.0014691478942213516,0.04,0.016642891107941038,0.017521902377972465
NA
NA
0.0,0.0,0.0,0.0,0.0,0.0019020446980504042,0.0012515644555694619
0.0011730205278592375,0.004608294930875576,0.0009354536950420954,0.0019588638589618022,0.013333333333333334,0.0028530670470756064,0.0037546933667083854
0.0,0.0,0.0009354536950420954,0.0009794319294809011,0.0033333333333333335,0.0019020446980504042,0.01376720901126408
0.0,0.0017281105990783411,0.002806361085126286,0.0034280117531831538,0.02,0.0038040893961008085,0.007509386733416771
0.0005865102639296188,0.001152073732718894,0.0009354536950420954,0.0014691478942213516,0.016666666666666666,0.0023775558725630053,0.010012515644555695
0.0,0.000576036866359447,0.0,0.0004897159647404506,0.013333333333333334,0.0014265335235378032,0.01376720901126408
0.0005865102639296188,0.0,0.0004677268475210477,0.0004897159647404506,0.03,0.007608178792201617,0.007509386733416771
0.0,0.0,0.0,0.0009794319294809011,0.006666666666666667,0.005706134094151213,0.016270337922403004
0.0,0.0,0.0,0.0019588638589618022,0.03,0.0028530670470756064,0.011264080100125156
0.0,0.000576036866359447,0.0018709073900841909,0.004407443682664055,0.016666666666666666,0.010936757013789824,0.012515644555694618
0.0,0.0,0.0,0.0,0.006666666666666667,0.0033285782215882074,0.0037546933667083854
NA
NA
0.0017595307917888563,0.001152073732718894,0.0037418147801683817,0.0004897159647404506,0.04666666666666667,0.007608178792201617,0.008760951188986232
0.0,0.000576036866359447,0.0004677268475210477,0.0009794319294809011,0.06333333333333334,0.004755111745126011,0.0037546933667083854
NA
0.0,0.000576036866359447,0.0,0.0004897159647404506,0.0033333333333333335,0.0,0.0050062578222778474
0.0,0.0,0.0,0.0004897159647404506,0.02666666666666667,0.007608178792201617,0.008760951188986232
NA
0.0,0.0,0.0,0.0,0.0033333333333333335,0.0009510223490252021,0.0012515644555694619
0.0,0.0,0.0004677268475210477,0.0,0.0033333333333333335,0.0009510223490252021,0.006257822277847309
0.0,0.0,0.0018709073900841909,0.0014691478942213516,0.013333333333333334,0.005230622919638612,0.007509386733416771
NA
0.0,0.0,0.0009354536950420954,0.0019588638589618022,0.06,0.0019020446980504042,0.0
0.0,0.0,0.0018709073900841909,0.0034280117531831538,0.016666666666666666,0.0028530670470756064,0.0
0.0,0.000576036866359447,0.0023386342376052385,0.0019588638589618022,0.03333333333333333,0.0033285782215882074,0.0025031289111389237
0.0,0.0,0.0,0.0004897159647404506,0.04666666666666667,0.0033285782215882074,0.0012515644555694619
NA
NA
NA
0.0093841642228739,0.005184331797235023,0.003274087932647334,0.002938295788442703,0.0033333333333333335,0.00047551117451260106,0.0037546933667083854
0.0,0.000576036866359447,0.0,0.0004897159647404506,0.006666666666666667,0.0019020446980504042,0.006257822277847309
NA
0.0,0.0,0.0004677268475210477,0.0004897159647404506,0.01,0.004755111745126011,0.011264080100125156
0.0,0.000576036866359447,0.001403180542563143,0.004407443682664055,0.07333333333333333,0.008559201141226819,0.007509386733416771
0.0,0.0,0.0,0.0,0.0033333333333333335,0.0019020446980504042,0.006257822277847309
0.005278592375366569,0.001152073732718894,0.0,0.0,0.0,0.0,0.0
NA
0.008797653958944282,0.0,0.0,0.0,0.0,0.0,0.0
NA
0.0,0.0,0.0,0.0004897159647404506,0.0033333333333333335,0.0014265335235378032,0.0
NA
NA
NA
0.007624633431085044,0.004608294930875576,0.001403180542563143,0.0009794319294809011,0.0,0.0,0.0
0.0017595307917888563,0.0017281105990783411,0.0023386342376052385,0.00930460333006856,0.10333333333333333,0.010461245839277223,0.016270337922403004
0.021114369501466276,0.012096774193548387,0.01028999064546305,0.00832517140058766,0.07333333333333333,0.02234902520209225,0.016270337922403004
0.0005865102639296188,0.0,0.0,0.0004897159647404506,0.006666666666666667,0.0019020446980504042,0.0012515644555694619
0.0035190615835777126,0.002304147465437788,0.003274087932647334,0.0034280117531831538,0.03666666666666667,0.024726581074655255,0.023779724655819776
0.002346041055718475,0.002880184331797235,0.0023386342376052385,0.0034280117531831538,0.03,0.005230622919638612,0.0012515644555694619
NA
