0.02300656242252079
NA
0.0010399744624803391
0.0017236349409773036
0.0009847553896783772
NA
0.020587761842163148
0.0009943640515909513
NA
0.0015498024654556429
0.04690050924695004
0.003019947983556835
0.0425075624134648
0.0017851231152352322
0.0017582885562013525
0.0018639570207844528
0.0013151088939364912
0.023189486372973665
0.0009828534611823732
0.003584366531390098
0.002274658205044066
0.03821689057205166
0.0009854598041665404
0.032970711830350524
0.0009088107963709662
NA
0.0026884572311690665
NA
0.03345036843051791
0.007598155035081202
0.0017023076723890343
0.012858686301566637
NA
NA
0.0051850124284780665
0.01507826853258391
0.013504367765661555
0.034128848389900296
0.026378945270388428
0.018763687486396896
NA
0.04997379043983302
0.026932087046026457
0.012129270079935106
0.02882606012919694
NA
0.01036153737257673
0.02092083997668761
0.02411820560957935
0.013650392653982
0.0016338076344795973
0.006334559542380708
0.05031383527331957
NA
0.0063570493513184275
0.004287920969293569
NA
0.003628525416296054
NA
0.005511619349891708
0.001989262664275532
0.016323601052394297
0.002721696989733323
0.003887622908330713
0.011359000064647743
0.0024952811817507965
NA
0.002273621735627348
0.00039346806848258685
0.044214324177279794
0.003876460398967252
0.005276267091345167
0.0051191261223357916
0.003347674241946581
0.0011805843197259832
0.03456814001460637
0.012502126027926351
0.0504237235325855
NA
0.039732241578033324
0.019911844217027384
0.025740888522182995
0.004012981588662742
NA
0.011070945644140594
0.013351373325621512
0.02039901420274248
NA
0.003229821485466254
NA
0.017382389277385148
0.020009175015394245
0.045516977697328743
0.001082420965300293
0.002553213131818001
0.028889590375986988
0.0031609741473830446
0.0028999270532458496
0.035979240404452
0.0022328055388782225
0.008717114913544885
0.0016238148178032877
0.0015682178934291427
0.007996761710859378
0.0066947122905856755
0.0288148738626206
0.004325158479797029
0.007303604709851347
0.014555436242004158
0.004230118487330989
0.006532929222310262
0.0045000231891468715
0.013099905542552
0.0021598346136218727
0.009232268404060016
0.00600688407447627
0.003971734611635742
0.022023954222651965
NA
0.0038695109586133515
0.005104288894339311
0.009457830688526457
0.0065557134510106
0.0028824559260901775
0.006943547174319236
0.003627362861596419
0.0005305710836883673
0.006558148196154768
0.006619924623469869
0.004286905312106782
0.0016324512066224512
NA
NA
0.026027692458275315
0.012093050273999964
NA
NA
NA
NA
0.0020841717255493664
NA
0.007031947308748237
0.011082920624918061
NA
NA
NA
0.0027724217980265994
0.0027130036932554607
0.004031835981091392
NA
0.004306585422987846
NA
0.0012893051237326775
NA
0.004085441127301709
NA
0.008144137015694067
NA
NA
0.00022848889666702156
0.0037034011242188347
0.0016345050671146687
0.004687550077382096
0.003579222223352354
0.002720473051015155
0.005136155512266908
0.002340437538667038
0.004976128000549277
0.004903789792552164
0.0013306949599121843
NA
NA
0.008355151949353844
0.00904236651789111
NA
0.0008718265471768196
0.0045898915070008706
NA
0.0005716349795567956
0.0009167278305341814
0.003133971576255135
NA
0.008319684458120622
0.0032927060273390298
0.005542205005749079
0.006386559812784949
NA
NA
NA
0.004292616254334217
0.0015255893184704717
NA
0.0024337649832479164
0.011583033330885357
0.0009106960240668858
0.0010907234827313515
NA
0.0014559576844284483
NA
0.0006295105459717296
NA
NA
NA
0.0025569942435605367
0.017519496421118323
0.02121269890259144
0.0012571454752886603
0.010234881048251775
0.006282641479285114
NA
