44.295248186847466
NA
15.42264863659076
26.655245708563264
0.7613261774198002
2.312726487942314
6.871962850364688
17.628634589196427
NA
26.653983356310533
1.7379241292639864
1.178396756265136
2.0532518001475166
9.449812832919491
2.623549502678755
0.4237622342067986
2.623549502678755
6.2320826885480525
11.958887135515667
4.03270195864279
8.460072274642426
23.220415062624415
17.627806372553753
30.46750572097762
10.604915711929987
NA
5.183933399828079
NA
13.549282652587733
15.42264863659076
6.871962850364688
9.449812832919491
NA
NA
8.460072274642426
17.627806372553753
9.449812832919491
8.460072274642426
8.460072274642426
9.449812832919491
NA
9.449812832919491
8.460072274642426
20.21378267669594
10.604915711929987
NA
13.549282652587733
10.604915711929987
9.449812832919491
15.42264863659076
8.460072274642426
13.549282652587733
9.449812832919491
NA
10.604915711929987
8.460072274642426
NA
8.460072274642426
NA
20.214750710371742
44.29582922476168
38.47581685568311
8.460072274642426
8.460072274642426
8.460072274642426
44.29582922476168
NA
34.50838153105619
8.460072274642426
9.449812832919491
11.958378942348824
8.460072274642426
8.460072274642426
11.958378942348824
2.9998403289635394
10.604915711929987
9.449812832919491
10.604915711929987
NA
8.460072274642426
8.460072274642426
8.460072274642426
8.460072274642426
NA
11.958378942348824
8.460072274642426
10.604915711929987
NA
8.460072274642426
NA
4.752710466507811
9.449812832919491
11.958378942348824
9.449812832919491
10.604915711929987
8.460072274642426
8.460072274642426
8.460072274642426
8.460072274642426
8.460072274642426
8.460072274642426
8.460072274642426
8.460072274642426
8.460072274642426
9.449812832919491
9.449812832919491
8.460072274642426
8.460072274642426
9.449812832919491
8.460072274642426
8.460072274642426
8.460072274642426
8.460072274642426
6.2320826885480525
8.460072274642426
15.42264863659076
10.604915711929987
9.449812832919491
NA
8.460072274642426
11.958378942348824
8.460072274642426
9.449812832919491
8.460072274642426
8.460072274642426
9.449812832919491
8.460072274642426
10.604915711929987
8.460072274642426
8.460072274642426
8.460072274642426
NA
NA
10.604915711929987
10.604915711929987
NA
NA
NA
NA
8.460072274642426
NA
8.460072274642426
26.653983356310533
NA
NA
NA
8.460072274642426
8.460072274642426
8.460072274642426
NA
8.460072274642426
NA
8.460072274642426
NA
8.460072274642426
NA
8.460072274642426
NA
NA
8.460072274642426
15.42264863659076
8.460072274642426
8.460072274642426
10.604915711929987
8.460072274642426
10.604915711929987
8.460072274642426
8.460072274642426
8.460072274642426
8.460072274642426
NA
NA
17.627806372553753
8.460072274642426
NA
10.604915711929987
8.460072274642426
NA
8.460072274642426
8.460072274642426
8.460072274642426
NA
8.460072274642426
8.460072274642426
8.460072274642426
8.460072274642426
NA
NA
NA
4.03270195864279
8.460072274642426
NA
8.460072274642426
8.460072274642426
8.460072274642426
0.5158708401236891
NA
0.3219107277306156
NA
8.460072274642426
NA
NA
NA
1.939359594122988
11.958378942348824
34.50838153105619
23.219297423517407
15.42264863659076
26.653983356310533
NA
