24
105
148
131
151
105
28
149
105
138
4
109
7
129
130
128
142
23
152
102
122
9
150
14
155
105
116
105
13
60
132
42
105
105
77
36
39
12
19
32
105
3
18
44
16
105
50
27
22
38
134
71
2
105
70
89
105
100
105
75
127
35
113
96
47
119
105
123
160
6
97
76
79
104
145
11
43
1
105
8
31
21
94
105
49
40
29
105
106
105
34
30
5
147
118
15
107
110
10
124
55
136
137
59
64
17
86
61
37
91
68
85
41
125
53
73
95
25
105
98
80
52
67
111
63
101
159
66
65
90
135
105
105
20
45
105
105
105
105
126
105
62
48
105
105
105
112
115
93
105
87
105
143
105
92
105
58
105
105
161
99
133
83
103
114
78
121
81
82
141
105
105
56
54
105
156
84
105
158
153
108
105
57
105
74
69
105
105
105
88
139
105
120
46
154
146
105
140
105
157
105
105
105
117
33
26
144
51
72
105
