86
189
50
90
130
100
71
90
199
130
56
177
56
79
7
12
90
26
12
114
148
56
100
100
100
148
192
127
56
130
12
147
42
194
24
148
148
208
26
9
202
26
26
79
71
116
208
148
26
148
12
130
71
3
56
7
116
181
116
130
100
86
12
90
127
130
189
116
116
26
176
202
56
148
90
26
148
26
148
148
148
26
148
194
130
148
148
56
130
202
9
112
26
100
46
148
148
114
26
202
148
90
116
148
184
26
100
12
100
12
26
71
130
86
26
130
56
26
71
49
71
54
130
56
42
184
46
79
207
148
1
1
182
148
42
130
79
12
148
11
130
86
208
56
148
100
42
12
148
194
90
79
130
202
56
69
148
199
116
194
46
51
184
130
199
100
130
56
189
148
183
69
177
148
100
6
26
177
90
100
148
148
12
12
90
12
116
116
194
79
184
54
130
184
24
51
192
90
3
3
112
127
116
51
79
56
116
71
71
177
